Fecha;tiempo;total;coe
2022-09-01;19;92;0,206521739
2022-10-01;5;57;0,087719298
2022-11-01;19;93;0,204301075
2022-12-01;7;48;0,145833333
2023-01-01;8;76;0,105263158
2023-02-01;14;95;0,147368421
2023-03-01;6;43;0,139534884
2023-04-01;16;48;0,333333333
2023-05-01;11;63;0,174603175
2023-06-01;11;41;0,268292683
2023-07-01;18;50;0,36
2023-08-01;11;50;0,22
2023-09-01;5;71;0,070422535
2023-10-01;6;56;0,107142857
2023-11-01;16;85;0,188235294
2023-12-01;12;42;0,285714286
2024-01-01;16;66;0,242424242
2024-02-01;14;42;0,333333333
2024-03-01;11;98;0,112244898
2024-04-01;17;40;0,425
2024-05-01;5;69;0,072463768
2024-06-01;12;35;0,342857143
2024-07-01;17;34;0,5
2024-08-01;20;36;0,555555556
2024-09-01;8;84;0,095238095
2024-10-01;20;80;0,25
2024-11-01;16;94;0,170212766
2024-12-01;5;77;0,064935065
2025-01-01;16;61;0,262295082
2025-02-01;13;42;0,30952381
2025-03-01;8;92;0,086956522
2025-04-01;8;74;0,108108108
2025-05-01;14;78;0,179487179
2025-06-01;13;32;0,40625
2025-07-01;12;59;0,203389831
2025-08-01;20;32;0,625
2025-09-01;11;96;0,114583333
2025-10-01;7;32;0,21875
2025-11-01;19;58;0,327586207
2025-12-01;20;37;0,540540541
2026-01-01;13;77;0,168831169
2026-02-01;20;58;0,344827586
2026-03-01;20;99;0,202020202
2026-04-01;10;100;0,1
2026-05-01;11;75;0,146666667
2026-06-01;9;35;0,257142857
2026-07-01;7;60;0,116666667
2026-08-01;18;74;0,243243243
2026-09-01;8;76;0,105263158
2026-10-01;15;60;0,25
;;;
;;;
;;;
;;;
;;;
;;;
;;;
;;;
;;;
;;;
;;;
;;;
;;;
;;;
;;;
;;;
;;;
;;;
;;;
;;;
;;;
;;;
;;;
;;;
;;;
;;;
;;;
;;;
;;;
;;;
;;;
;;;
;;;
;;;
;;;
;;;
;;;
;;;
;;;
;;;
;;;
;;;
;;;
;;;
;;;
;;;
;;;
;;;
;;;
;;;
;;;
;;;
;;;
;;;
;;;
;;;
;;;
;;;
;;;
;;;
;;;
;;;
;;;
;;;
;;;
;;;
;;;
;;;
;;;
;;;
;;;
;;;
;;;
;;;
;;;
;;;
;;;
;;;
;;;
;;;
;;;
;;;
;;;
;;;
;;;
;;;
;;;
;;;
;;;
;;;
;;;
;;;
;;;
;;;
;;;
;;;
;;;
;;;
;;;
;;;
;;;
;;;
;;;
;;;
;;;
;;;
;;;
;;;
;;;
;;;
;;;
;;;
;;;
;;;
;;;
;;;
;;;
;;;
;;;
;;;
;;;
;;;
;;;
;;;
;;;
;;;
;;;
;;;
;;;
;;;
;;;
;;;
;;;
;;;
;;;
;;;
;;;
;;;
;;;
;;;
;;;
;;;
;;;
;;;
